127094126
127096090
127095187
127096817
127097950
127097477
127099446
127098019
127095023
127090263
127089738
127089553
127087977
127087686
127084930
127087234
127086004
127084928
127086374
127086956
127086718
127086711
127085692
127083563
127084676
127086237
127084637
127084776
127081380
127084797
127086627
127086964
127086888
127086880
127088704
127086354
127085072
127084204
127087605
127084159
127085034
127085227
127085152
127083698
127084807
127084879
127081178
127084337
127084146
127082538
127079347
127081553
127080114
127083969
127084190
127083945
127080563
127081273
127083951
127086448
127087897
127085658
127084060
127084583
127085426
127085117
127090817
127090597
127087160
127089187
127090857
127087050
127088083
127085933
127087696
127089417
127085115
127085819
127086126
127085465
127082641
127086781
127089608
127093667
127092310
127090471
127088988
127090478
127090565
127086002
127087571
127088872
127090334
127089917
127089335
127089482
127087145
127084727
127086099
127085798
127086464
127085773
127085194
127089213
127087809
127087965
127087690
127088449
127089696
127093350
127092773
127091699
127091832
127093755
127091584
127088763
127092672
127093302
127096416
127092973
127087693
127086327
127087723
127089379
127088946
127089615
127092068
127092402
127093712
127088060
127085081
127083732
127085178
127083645
127082013
127085227
127082922
127083844
127083533
127084363
127087849
127086174
127087226
127087050
127084645
127080023
127080550
127081416
127081130
127083252
127082607
127082777
127084587
127085718
127081917
127086728
127087394
127085638
127082868
127083407
127085677
127084985
127085238
127083303
127082863
127078571
127081100
127081119
127078592
127082055
127084330
127080706
127080886
127083358
127086101
127085508
127085605
127090082
127089017
127090117
127085102
127086914
127086317
127085930
127085000
127086088
127083293
127082839
127084701
127084851
127085657
127087396
127087422
127085268
127085310
127083411
127083529
127079931
127082569
127083720
127084599
127082208
127082617
127084651
127083189
127083144
127082114
127084559
127080741
127082510
127082884
127080903
127082086
127082468
127083488
127080110
127082213
127083395
127082831
127084484
127084564
127083188
127082189
127084543
127083506
127085558
127080623
127081311
127080774
127080238
127080443
127081332
127079251
127083139
127079730
127077363
127079111
127073376
127080055
127079269
127081269
127079190
127078863
127077350
127074609
127075730
127077985
127076760
127076348
127073236
127072339
127074198
127075582
127077300
127078427
127077469
127076044
127076144
127074409
127073684
127073396
127074089
127074091
127076186
127075699
127076771
127076105
127074495
127074773
127075376
127075395
127075845
127075710
127076876
127075007
127077859
127078732
127081415
127081133
127078236
127078686
127081205
127078852
127079525
127075537
127076539
127079919
127079156
127081185
127081863
127082840
127083613
127081594
127077244
127077474
127078448
127079869
127081450
127082284
127084311
127084444
127084123
127085235
127083697
127084817
127082709
127082656
127085537
127088724
127087879
127087648
127086461
127084732
127085311
127082232
127083079
127082403
127079830
127078605
127081437
127083809
127083413
127080910
127081960
127083215
127083042
127082070
127079893
127079630
127082085
127081966
127081571
127081832
127080285
127082680
127083182
127082694
127083898
127085007
127082316
127079274
127081543
127084502
127083554
127084011
127083495
127083189
127082927
127086683
127083925
127085292
127084777
127083346
127082000
127082900
127082986
127084633
127084558
127081882
127084113
127083981
127081638
127083187
127083223
127082052
127083281
127085488
127084845
127080408
127082662
127077748
127081739
127081895
127085049
127082581
127083050
127082829
127084800
127086306
127084976
127085392
127088757
127088294
127089953
127089120
127090249
127088886
127091225
127091458
127089939
127089722
127090785
127092479
127091034
127088205
127090907
127092285
127091643
127089994
127088922
127086807
127088762
127087171
127085295
127087917
127088004
127088122
127087169
127087424
127088909
127088000
127085695
127088237
127090405
127090163
127090571
127090775
127087618
127087218
127089847
127088571
127084312
127082713
127084936
127086623
127086646
127085913
127089584
127090449
127092008
127093524
127092149
127096250
127095436
127095673
127096986
127092531
127092407
127090667
127092168
127095122
127090859
127090840
127091814
127091771
127094681
127096464
127090220
127090643
127093019
127097882
127101220
127098718
127100788
127097642
127098554
127099076
127098698
127099382
127098914
127099079
127099801
127097871
127097328
127093411
127094755
127095361
127091833
127092453
127093540
127093691
127094428
127091906
127096358
127096125
127098202
127098113
127098037
127096667
127097792
127096792
127097433
127095493
127095744
127097601
127098477
127095583
127094215
127095739
127097182
127096642
127095355
127095296
127093446
127094465
127092018
127091297
127096890
127096659
127095877
127097632
127098114
127099783
127099825
127097373
127101218
127096747
127098128
127097719
127097755
127098044
127099160
