114946193
114946264
114945508
114943789
114943837
114947917
114949574
114949477
114952261
114950659
114953010
114953847
114951288
114950204
114950817
114949580
114952164
114954086
114950397
114949119
114948986
114952790
114952095
114949042
114953260
114949824
114950986
114950732
114951442
114950702
114949514
114951488
114953121
114953983
114952672
114954162
114953197
114951959
114955060
114953723
114955042
114957382
114955634
114956811
114954093
114954175
114954871
114957532
114958377
114957956
114959620
114959286
114956523
114955898
114956230
114958110
114956290
114957345
114954055
114957337
114959017
114960928
114961580
114959759
114959143
114963055
114963717
114966464
114964464
114965155
114965126
114963348
114964388
114965421
114961157
114964651
114966096
114965773
114963277
114963126
114963881
114966876
114964844
114965279
114966670
114963965
114964538
114968411
114970804
114967567
114967624
114968962
114969070
114968762
114968265
114972597
114973143
114973310
114973036
114972128
114972003
114970716
114971995
114973173
114974343
114973996
114974881
114972809
114974954
114975004
114978456
114976655
114978484
114976626
114976322
114978059
114974442
114979884
114980299
114977791
114980342
114976217
114973308
114977959
114975555
114975037
114976589
114979128
114980075
114977734
114979549
114979920
114977187
114978232
114984879
114983767
114984332
114984589
114987160
114983932
114982193
114982549
114984233
114985025
114983205
114984596
114985864
114988655
114987014
114987790
114986261
114987753
114984104
114982325
114985419
114983635
114986289
114984642
114987788
114986123
114985837
114982354
114984902
114986407
114987034
114987482
114987052
114986833
114988465
114991742
114989520
114990764
114990494
114992123
114990487
115005342
114990059
114989602
114990489
114988864
114987825
114988790
114986811
114987289
114988320
114998405
114991971
114990914
114993801
114992149
114993080
114992286
114990404
114991112
114989520
114988570
114986405
114990210
114991273
114992685
114994593
114992498
114991516
114990954
114993682
114993069
114992594
114994238
114993094
114995869
114994377
114997210
114998941
114995709
114995857
114996784
114993299
114994310
114997262
114995407
114994519
114994274
115000003
115000636
115000051
115000585
114997218
114995772
114998170
114997335
114995649
114996109
114997894
115000184
115000303
114999625
115004732
115005374
115005935
115004547
115004486
115003972
115002901
115004297
114962788
114919602
114870962
114953112
114875283
115020041
114982101
114976752
115060334
115028962
115255947
115021469
115455476
114987693
115000752
115013812
115041763
115337558
115031431
115015578
115021565
115034258
115008101
115030034
115126647
115074858
115006048
115020224
115291760
115021092
115029272
115017140
115004036
115003349
115022594
114998653
115007301
114998233
115011046
114998375
115006199
114997666
115003032
114995037
114991560
114989060
115006365
115004321
114992282
114998044
114989778
114989114
114987039
114996707
114986214
114990901
114994260
115000193
114987237
114990042
114995769
114987469
114985711
114991848
115020417
114993371
114986850
114989027
114985350
114981438
114985796
114983153
114982729
114981830
114980118
114980162
114982110
114983444
114983465
114980450
114979673
114979451
114976953
114981020
114982370
114981630
114982688
114997793
114982538
114986574
114980206
114982561
114974408
114974534
114977624
114978752
114987713
114980657
114981012
114979267
114975634
115049995
115006956
114980455
114992437
114999643
115037202
114999113
114997249
114977071
115119137
115111397
115014421
114980942
114989174
114977083
114976167
114985175
114988960
114989619
114983252
114983552
114985749
115041295
114973774
115074757
114976665
114979749
114969477
114971612
114964867
114967320
114984297
114993713
115065953
114967061
114983909
114985210
114964317
115027549
114974384
114966261
114969510
114966636
114961053
114960928
114965525
114965903
114967587
114960672
114960013
114959567
114955448
114955119
114957720
114957217
114956734
114958264
114956998
114958207
114958400
114954940
114955099
114954344
114954868
114951806
114952434
114950908
114951524
114952341
114950661
114951200
114949105
114953336
114950826
114945636
114947026
114947116
114957146
114947158
114950517
114948424
114949590
114951791
114948688
114956656
114950146
114949351
114949427
114946609
114946355
114948483
114945877
114952538
114951378
114950104
114947656
114947961
114948459
114944620
114945807
114946543
114943886
114944740
114943572
114944529
114944986
114975932
114946855
114946194
114941749
114946032
114939630
114939086
114941602
114940333
114940260
114942362
114939455
114941343
114941875
114944102
114941457
114944214
114945919
114946654
114947635
114947936
114945826
114945772
114941995
114942673
114939049
114942285
114940696
114942150
114942116
114942313
114940145
114941484
114938629
114937680
114937525
114938183
114940448
114938464
114936201
114935437
114934160
114936127
114939651
114945515
114932274
114933424
114933624
114934035
114933425
114936116
114936453
114934086
114934761
114935221
114936801
114935497
114935707
114933449
114932486
114933696
