24635313
24628840
24624500
24629508
24634321
24635887
24636113
24636300
24629688
24620901
24619552
24620591
24626118
24624147
24620251
24621268
24619477
24618238
24618524
24620095
24617765
24615929
24616842
24623431
24628055
24631071
24632462
24632899
24633603
24633780
24633202
24633479
24633692
24632122
24632138
24631664
24632442
24632557
24630803
24627713
24622596
24620741
24620759
24626047
24625253
24624424
24623041
24616573
24614569
24615992
24616458
24618726
24616414
24615800
24618177
24620476
24621051
24620188
24617140
24618137
24620336
24619531
24620822
24622606
24623712
24625831
24627968
24627589
24627066
24627515
24626443
24623325
24627203
24628448
24627198
24623958
24625794
24624232
24621683
24617523
24615873
24613970
24613349
24619434
24620450
24621244
24622931
24623251
24616640
24617663
24622439
24623923
24620852
24613357
24609894
24609141
24609610
24611737
24614106
24609821
24608976
24607669
24607111
24607135
24608211
24608439
24608997
24610096
24610231
24612228
24612144
24612166
24617213
24612282
24609807
24615101
24613781
24612007
24611235
24614063
24609482
24607496
24607288
24607195
24606622
24607807
24604698
24604768
24604380
24604336
24608140
24610200
24614292
24612885
24612091
24611274
24612561
24612451
24610183
24610950
24614363
24611077
24611669
24611838
24615587
24615494
24613612
24609615
24609728
24604535
24604949
24605526
24606323
24604843
24603617
24602519
24602581
24602493
24603486
24606017
24603551
24603135
24601971
24602824
24602921
24601180
24602813
24604705
24604525
24603047
24604129
24607433
24607699
24605557
24605070
24604303
24604880
24605530
24605194
24605540
24604795
24601805
24600471
24600156
24601069
24606150
24607549
24604518
24602797
24605432
24606915
24602868
24607765
24613862
24614024
24602627
24601013
24599819
24600490
24601831
24602258
24599221
24598201
24598969
24602485
24608043
24608533
24599198
24598432
24598358
24600083
24601384
24598233
24599287
24603043
24599426
24597870
24598902
24596763
24597077
24601310
24607525
24603340
24603829
24605805
24607582
24598783
24601805
24604022
24606199
24597959
24597755
24596812
24597641
24601396
24601971
24600354
24605097
24609428
24609160
24605812
24606446
24606536
24609828
24611127
24609143
24600701
24602923
24603406
24599365
24596760
24597011
24597000
24597207
24598032
24599046
24601390
24599663
24599838
24600602
24603333
24603223
24601745
24603819
24604933
24605755
24608349
24606135
24600536
24596204
24595763
24595789
24596585
24595302
24595453
24599102
24600231
24597432
24596786
24594673
24594068
24593974
24594709
24598486
24597725
24598816
24593942
24595507
24600354
24600912
24596732
24594006
24593782
24594138
24593958
24593649
24593677
24593490
24593307
24593376
24593395
24593237
24594128
24593723
24593752
24597297
24599706
24597320
24597566
24594491
24593315
24593526
24593618
24592701
24592750
24591963
24592513
24592886
24592266
24592138
24592360
24591951
24593113
24592771
24592392
24592692
24592478
24592438
24592220
24592809
24593981
24599047
24598271
24596981
24599285
24595700
24596507
24596938
24596495
24596153
24596491
24596558
24595411
24595496
24594268
24591810
24592422
24592247
24592159
24592361
24592247
24591676
24591211
24591074
24590510
24591382
24593984
24597510
24591682
24591630
24592156
24591854
24590697
24590853
24592784
24591059
24590495
24590906
24591790
24591530
24591329
24591075
24590884
24590520
24591187
24590300
24589902
24591223
24590350
24589800
24589904
24589449
24589325
24589044
24589191
24589130
24589231
24589334
24590957
24591627
24595696
24594887
24594860
24591835
24589679
24591438
24589694
24589548
24587966
24586426
24585191
24584125
24584627
24586295
24586972
24587257
24587475
24587818
24588863
24588082
24588989
24589067
24588667
24588753
24589271
24588936
24589400
24588913
24589215
24586788
24585703
24586343
24587465
24588045
24587612
24588499
24589169
24588684
24588616
24588141
24589533
24588774
24588525
24588856
24588559
24588195
24586426
24584711
24584062
24584192
24586298
24588473
24590060
24589442
24587947
24587914
24591910
24592747
24590800
24590617
24588543
24589445
24588916
24588900
24587269
24587785
24587287
24588377
24587769
24587449
24587102
24588262
24588095
24587291
24588172
24588760
24588723
24588072
24587678
24588641
24590081
24594191
24595283
24591256
24592294
24591978
24592825
24595554
24594064
24590411
24588464
24589029
24590311
24588281
24587988
24589107
24588752
24587538
24587784
24587560
24587054
24588166
24590375
24591197
24589766
24589200
24593568
24595219
24595035
24593068
24591009
24592508
24597510
24600663
24600767
24600606
24603015
24602384
24600382
24594603
24589827
24588958
