26505006
26503998
26503491
26502707
26502415
26501542
26501071
26500313
26499456
26499158
26498567
26499022
26498769
26498949
26498370
26498088
26497778
26497664
26497201
26497543
26497240
26497214
26496910
26496498
26496697
26496479
26496534
26496542
26495996
26495587
26495588
26495714
26495500
26495221
26495114
26494977
26494275
26494187
26494098
26494301
26494360
26494188
26494126
26494320
26493787
26493732
26493631
26493953
26493306
26493509
26493734
26493992
26493705
26493602
26493680
26493639
26493380
26493379
26493304
26493328
26492850
26493060
26492552
26492836
26492770
26492501
26492912
26492766
26492731
26492603
26492857
26492319
26492460
26491941
26491962
26491626
26491850
26492060
26491967
26492217
26491847
26492268
26492294
26491905
26491763
26492262
26492218
26491804
26492221
26492051
26491938
26491941
26491787
26490916
26491459
26491045
26491279
26491384
26491852
26492257
26491524
26491244
26490971
26490856
26490982
26490836
26490793
26490951
26491252
26491153
26490595
26490046
26490231
26490213
26490600
26490298
26490850
26490720
26491008
26491150
26490800
26490360
26490450
26490668
26490843
26490205
26490066
26489991
26490174
26490757
26490791
26490094
26490303
26490521
26490644
26490683
26490949
26490525
26490111
26490564
26490850
26490903
26491126
26490929
26490438
26490776
26490463
26490489
26490189
26490635
26490802
26490176
26490463
26490732
26490646
26490508
26489834
26489986
26490332
26490236
26490489
26490401
26490417
26490049
26489972
26490396
26490611
26490339
26489880
26489104
26488957
26489636
26490377
26490137
26490529
26490252
26490173
26490347
26490681
26490004
26488939
26489588
26489638
26490170
26490896
26489941
26489874
26490644
26490774
26490058
26490227
26490096
26489917
26489860
26489734
26490394
26490517
26490442
26490562
26490041
26489336
26490313
26490064
26489725
26489927
26490037
26490322
26489691
26489600
26489320
26489331
26489468
26489961
26489457
26489229
26489474
26489676
26489710
26489715
26489582
26490005
26489616
26489612
26489310
26489144
26489207
26489424
26489273
26489560
26489422
26488655
26488455
26488771
26489287
26489829
26489316
26489166
26488696
26489385
26489773
26489778
26489572
26489734
26489410
26489445
26489288
26489430
26489646
26489361
26489379
26489664
26489616
26489148
26488635
26488831
26489308
26489073
26488946
26488527
26488797
26488871
26489291
26488920
26488992
26489471
26489398
26488116
26488770
26489104
26489167
26489266
26488768
26489162
26489707
26488935
26488823
26488672
26488317
26489211
26489455
26488714
26488394
26488695
26488508
26488563
26489038
26488941
26489081
26489384
26488848
26488799
26488887
26488603
26488597
26488723
26488786
26488772
26488956
26489257
26488072
26488608
26489007
26488306
26488432
26488572
26488996
26488655
26488379
26488455
26488619
26488402
26488932
26488392
26488532
26488175
26488381
26489155
26489330
26488795
26488476
26488728
26488905
26489199
26488363
26489090
26488915
26489023
26489316
26489258
26489068
26488643
26488587
26489106
26489041
26488946
26488985
26488629
26488276
26488335
26488414
26488147
26488069
26487869
26487467
26487815
26488407
26488649
26488411
26488067
26488146
26488401
26488973
26488834
26488107
26488051
26488598
26488676
26488791
26488896
26489069
26488773
26488650
26488601
26488103
26488728
26488878
26488310
26488252
26488257
26488029
26488071
26487595
26488178
26487800
26487552
26487460
26487266
26487237
26486916
26487308
26487171
26486459
26486787
26487193
26487018
26487654
26487648
26487957
26487902
26488219
26487901
26488116
26487800
26487858
26487785
26487618
26487162
26487555
26487376
26487398
26487386
26487397
26487836
26487384
26486695
26487231
26487263
26487772
26488117
26487614
26487869
26487969
26487886
26487435
26487219
26487031
26487575
26487798
26487200
26486811
26486924
26487268
26486970
26487379
26487321
26487614
26487628
26487517
26487323
26487326
26487082
26486949
26486798
26486559
26486949
26486962
26486201
26486600
26486427
26486482
26487065
26487012
26486678
26487126
26486784
26487090
26487328
26487289
26487142
26486999
26487259
26487122
26487054
26487164
26487592
26487328
26487404
26487101
26486703
26486251
26486248
26486268
26486913
26487271
26486989
26486411
26486761
26486733
26486085
26485846
26486579
26486965
26486634
26486855
26486623
26486789
26486531
26486490
26486226
26486414
26486565
26486437
26486387
26486838
26486239
26486647
26486681
26486773
26486454
26486141
26485900
26486253
26486536
26486800
26486783
26486749
26486920
26486956
26486260
26486147
26486636
26486596
26486725
26486755
26486571
26486225
26486669
26486411
26485949
26486262
26486371
26486522
