26739713
26739701
26739370
26739505
26739103
26738957
26738554
26738364
26738075
26737656
26737957
26737321
26737324
26737065
26737087
26736862
26737094
26737327
26737298
26737002
26736774
26736495
26736319
26736530
26735940
26736134
26736136
26736437
26736062
26736259
26736287
26736718
26736678
26736278
26736327
26735818
26735696
26735466
26735487
26735617
26735603
26735394
26735598
26735704
26735280
26735346
26735084
26735203
26734813
26734392
26734318
26734173
26733563
26734189
26733652
26734256
26734153
26734207
26734305
26734334
26734823
26734856
26734425
26734534
26734432
26734174
26734178
26733770
26733858
26734499
26733888
26733772
26733965
26733910
26734329
26734676
26734074
26734141
26733915
26733927
26733906
26734068
26734234
26733950
26733883
26733625
26733423
26733648
26733458
26733545
26733107
26733386
26733224
26733306
26733186
26734026
26734145
26733819
26734294
26734247
26734087
26734034
26734246
26734254
26733704
26733580
26733264
26733155
26733571
26733789
26733478
26733304
26733367
26733044
26732568
26732380
26732451
26732571
26732570
26732299
26732525
26732947
26733240
26732461
26732825
26732691
26732017
26732313
26732773
26732774
26732957
26732783
26732788
26732288
26731974
26731590
26731732
26732439
26732107
26731665
26731738
26732653
26733125
26733450
26733523
26733348
26732950
26733380
26733222
26733411
26733458
26733510
26733528
26733624
26733490
26733302
26733446
26733546
26733458
26733601
26733507
26733220
26733566
26733549
26733545
26733496
26733472
26733282
26733076
26732821
26732991
26733043
26733094
26732922
26732850
26732601
26732624
26732387
26732165
26732057
26731893
26731787
26732048
26731974
26731859
26731901
26732198
26732465
26732459
26732048
26732240
26732631
26732423
26732626
26732828
26732802
26732592
26732836
26732865
26732572
26732692
26732201
26732723
26732526
26732772
26732394
26732536
26732563
26732479
26732270
26732533
26732787
26732393
26732377
26732685
26732855
26732939
26732463
26732559
26732469
26732732
26732250
26732287
26732638
26732744
26732315
26732333
26731864
26732261
26732745
26732354
26732618
26732467
26732484
26732173
26732473
26732102
26732140
26732294
26732012
26732047
26732105
26731813
26731811
26731976
26732352
26732455
26732034
26731998
26731932
26732095
26732191
26732366
26732004
26731842
26731924
26731784
26732014
26732091
26732013
26732014
26731549
26731974
26731907
26731877
26731815
26732114
26732074
26732097
26731677
26731784
26731695
26731422
26731267
26731406
26731328
26731111
26731476
26731459
26731385
26731666
26731454
26731692
26731539
26731630
26731601
26731326
26731106
26731232
26731348
26731477
26731715
26731383
26731857
26731771
26731607
26731443
26731297
26731395
26731995
26731527
26730873
26731282
26731647
26731571
26731883
26731433
26731512
26731642
26731391
26731228
26731042
26731180
26731096
26730957
26731674
26731348
26731446
26731484
26731424
26731693
26731057
26731271
26731039
26731057
26731009
26730791
26730794
26731120
26731091
26731220
26731154
26731267
26730864
26731105
26730922
26730821
26731073
26730998
26730744
26730847
26730351
26730740
26730614
26730868
26730322
26730270
26730664
26730309
26730241
26730725
26730879
26730614
26730159
26730609
26730793
26730760
26731094
26730861
26730431
26730612
26731087
26730754
26731046
26730668
26730158
26730335
26730438
26730227
26730563
26730364
26730237
26730667
26730980
26730642
26729978
26729964
26730114
26730434
26730361
26730459
26730860
26730677
26730532
26730126
26730183
26730135
26729957
26730532
26730672
26730945
26730604
26730875
26731313
26730711
26730757
26730327
26730555
26730410
26730266
26730686
26730699
26730393
26730154
26730434
26730707
26730427
26730767
26730904
26730981
26730608
26730757
26730646
26730959
26730764
26730619
26730910
26730816
26730340
26730483
26730492
26730565
26730570
26730460
26730396
26730297
26730411
26730076
26729952
26730141
26730286
26730261
26730413
26730335
26730623
26730377
26730493
26730611
26730418
26729952
26730005
26730168
26730117
26729963
26730249
26730172
26730296
26730101
26730253
26730522
26730426
26730291
26730359
26730140
26730144
26730202
26730177
26729989
26729762
26730020
26729410
26729779
26729696
26729453
26729393
26729350
26729789
26729313
26729725
26729707
26729336
26729523
26729178
26729332
26729560
26729914
26729927
26729767
26729761
26729741
26729990
26729925
26729944
26730001
26729925
26729927
26730147
26729751
26729929
26729821
26729699
26729709
26729887
26729813
26729750
26729173
26729794
26729570
26729117
26729134
26729255
26729064
26729199
26729148
26729219
26728422
26729192
26729028
26729297
26728968
26728774
26729182
