26838891
26838628
26838413
26838859
26838539
26838071
26838396
26838392
26838112
26838641
26838204
26838472
26838781
26838659
26838710
26838594
26838134
26838140
26838024
26838092
26838165
26838044
26838095
26837527
26837514
26838017
26837873
26837555
26838295
26838210
26838366
26838501
26838843
26838845
26838794
26838614
26838621
26838383
26838676
26838708
26838465
26838804
26838390
26838663
26838769
26838879
26838581
26838665
26838579
26838630
26838310
26838264
26838256
26838408
26838806
26838544
26838762
26838662
26838356
26838662
26838498
26839024
26838520
26838537
26838332
26838324
26838579
26838364
26838284
26838835
26838313
26838459
26838695
26838858
26838476
26838532
26838598
26838513
26838804
26838471
26838750
26839360
26839917
26839613
26838897
26838795
26838214
26838376
26838280
26838336
26838999
26838819
26838909
26839406
26839531
26839036
26838646
26838245
26837959
26838602
26838564
26839021
26838420
26838630
26838671
26838657
26838890
26839416
26839430
26838954
26838941
26838675
26838807
26838934
26838991
26838727
26838528
26838510
26838931
26838511
26839069
26838753
26838368
26838200
26838428
26838831
26839037
26838894
26838299
26838867
26839092
26839170
26838791
26838925
26838759
26838621
26838639
26839431
26838797
26839034
26838959
26839044
26838843
26838882
26838988
26839109
26839010
26839104
26839272
26839288
26839010
26839133
26839210
26839338
26839041
26838979
26839068
26839087
26839164
26839134
26839230
26839195
26839151
26839537
26839175
26839288
26839718
26838662
26838737
26839425
26838970
26839450
26839704
26839129
26839453
26839420
26839735
26839644
26839419
26839508
26839142
26839426
26839144
26838874
26838875
26838877
26838965
26838645
26838804
26838841
26838546
26839003
26839033
26839013
26839343
26839684
26839422
26839348
26839518
26839121
26839092
26838947
26838941
26839428
26839367
26839191
26839472
26839411
26839388
26839642
26839100
26839054
26838906
26838964
26839107
26839224
26839355
26838694
26838822
26838855
26838805
26838660
26838619
26838829
26838960
26838800
26838989
26838986
26839212
26839001
26838834
26838890
26839071
26839194
26838994
26838914
26839008
26838885
26838565
26838670
26838632
26838593
26838166
26838348
26838693
26838597
26838490
26838306
26838190
26838522
26838528
26838190
26838256
26838589
26838762
26838845
26838552
26838959
26838756
26838588
26839113
26838293
26838833
26838747
26838229
26838225
26838529
26838244
26838742
26838371
26838157
26837463
26837761
26837477
26837543
26837819
26837842
26837951
26837846
26837915
26837768
26837861
26837815
26837946
26837906
26838249
26838161
26837713
26837504
26837562
26837891
26837165
26838010
26837510
26837341
26837244
26837696
26837776
26837397
26837282
26837330
26837077
26837275
26836811
26836878
26837002
26836952
26837561
26837287
26837005
26837062
26837010
26836960
26837395
26837148
26837360
26837137
26837224
26837137
26837514
26837455
26837167
26837153
26837287
26837065
26837423
26837649
26837522
26837171
26837138
26837379
26837129
26837432
26837251
26837514
26837623
26837488
26837409
26837872
26837421
26837329
26837512
26837795
26837233
26837600
26837226
26837644
26837615
26837333
26837622
26837425
26837874
26837695
26837369
26837874
26837984
26838067
26837966
26837698
26837545
26837559
26837848
26837925
26837573
26837738
26837660
26837732
26837828
26838103
26837908
26837870
26838087
26838305
26837953
26837757
26838390
26838072
26838355
26837923
26837955
26837859
26838245
26838084
26838322
26838226
26838580
26838296
26837987
26837996
26837438
26837153
26837479
26837345
26837144
26836958
26836802
26836830
26836704
26836705
26837121
26837543
26837539
26837947
26837755
26837296
26837161
26837281
26837065
26837169
26837179
26837350
26837351
26837390
26837300
26837345
26837311
26837522
26837057
26837372
26837437
26837364
26837129
26837097
26836876
26836774
26837148
26837672
26837140
26836737
26836479
26836397
26836209
26836215
26836356
26836402
26836455
26836416
26836817
26836704
26836682
26836669
26836851
26836428
26836615
26836647
26836943
26836907
26836650
26836665
26836569
26836428
26836699
26836660
26836267
26836068
26836168
26836067
26836080
26836150
26836286
26836219
26835977
26836393
26835972
26835945
26836026
26836149
26836422
26836155
26836092
26836060
26835968
26835874
26835831
26835962
26836174
26835980
26835844
26836005
26836104
26836112
26835718
26835750
26835882
26835946
26835924
26836009
26835902
26835757
26835619
26835692
26835617
26835646
26835595
26835726
26835834
26835718
26835843
26835968
26836060
26836341
26835986
26835712
26836206
26836156
26836102
26836037
26835843
26835872
26835639
26835594
26835812
